681131038829
681131040358
681131040365
681131052894
681131061261
681131061339
681131078344
681131082433
681131082440
681131082471
681131082518
681131082556
681131101516
681131119733
681131119795
681131123679
681131143127
681131150088
681131150095
681131156998
681131168441
681131171038
681131176002
681131176019
681131183499
681131183871
681131183932
681131276771
681131280105
681131281331
681131287067
681131296090
681131296106
681131362184
681131378680
681131409070
681131433570
681131447775
681131447782
681131699372